'362 PMLECT 10 vfs

Tabula &mla 777 swam &nam 303

w.. 33. *333 1779

0 ’ςῖἷῖ--Ι ’0- gr—fi-r‘ “-
’ἶ ’ῖῖἕῶ 5'0‘0703774 ’7ἶ 77707ῗὸ6 ὦῶ

¹ 2 4, 4..140000409 47 44470 0064848
8 434430900694 33 4510290069319

4 6. 6 00001741 44 46.16.44 0077849

4 7,4,7 10001971 44 477146 907⁶]

’,ν’ —‘···-'--—-—

⁶ 9 777 7997779 76 48 7777 (7979987
7 10,4,8 70004744 47 49 78 77 o.0836o⁰
8 17, 7440004876 48 404019 0087744
9144717 0006741 49 47,41, 8 0090910
,77 ¹2:527 7767777 77 777776 767796
11 764470 0009114 41 44,7944 0098400
17 18,1.4,40070798 47 44,.7747 0107019
74 19 78470017609 44 44,7471 0104747

’ 14 70,..44440014440 44 46..7017 0109499
74 77,70,1,40016607 44 57.15. 6 0114740

76 7444440018784 46 48, 9. 4 0116999
17 74. 77 001077 47 59. 7. 4 0170746

78 764.1 0074470 48 404411 0174478
79 7747 44 070 4969 49 6044 74 077 778
70 701447 0-078470 40 67. 4444 0. 74 ,044

- W ιι·- nnu— m 1,-- .-

77 404440 0041764 41 677414 0744797
22 7777 32 0·034045 77 677 767 0¹39544
74 44 7074 0046916 44 64,1.40 0144797
74 44,77, 17 00498644 4.6448 48 0147079
³ 74444-49* 0804797 44 64 4440 0140767

,ιη’-*η’

¹ 76 4647410044989 46 66707 0144487
1707911977 3 8016Ξο ἓῖἑῗὲζῖ.
29 7340, 4074ζο04 4486844ς 49 680140 0764478

401..44470,049009 60 69,14..7160169 54}

 

